229 15
221 29
221 29
229 15
221 29
214 45
214 45
221 29
214 45
209 60
209 60
214 45
209 60
204 73
204 73
209 60
204 73
199 88
199 88
204 73
199 88
193 101
193 101
199 88
193 101
186 115
186 115
193 101
186 115
181 129
181 129
186 115
181 129
176 144
176 144
181 129
176 144
169 158
169 158
176 144
169 158
162 173
162 173
169 158
162 173
155 186
155 186
162 173
155 186
150 199
150 199
155 186
150 199
145 214
145 214
150 199
145 214
129 261
129 261
145 214
129 261
119 279
119 279
129 261
119 279
113 293
113 293
119 279
113 293
111 306
111 306
113 293
283 18
275 34
275 34
283 18
275 34
271 50
271 50
275 34
271 50
264 62
264 62
271 50
264 62
259 78
259 78
264 62
259 78
253 92
253 92
259 78
253 92
248 106
248 106
253 92
248 106
244 119
244 119
248 106
244 119
236 135
236 135
244 119
236 135
231 149
231 149
236 135
231 149
227 163
227 163
231 149
227 163
220 177
220 177
227 163
220 177
217 194
217 194
220 177
217 194
212 207
212 207
217 194
212 207
204 222
204 222
212 207
204 222
198 234
198 234
204 222
198 234
195 250
195 250
198 234
195 250
190 264
190 264
195 250
190 264
181 281
181 281
190 264
181 281
173 298
173 298
181 281
173 298
169 311
169 311
173 298
169 311
164 328
164 328
169 311
328 34
322 52
322 52
328 34
322 52
314 67
314 67
322 52
314 67
309 81
309 81
314 67
309 81
304 96
304 96
309 81
304 96
299 110
299 110
304 96
299 110
294 125
294 125
299 110
294 125
288 138
288 138
294 125
288 138
283 151
283 151
288 138
283 151
278 165
278 165
283 151
278 165
271 182
271 182
278 165
271 182
265 194
265 194
271 182
265 194
260 210
260 210
265 194
260 210
256 226
256 226
260 210
256 226
251 238
251 238
256 226
251 238
244 253
244 253
251 238
244 253
238 268
238 268
244 253
238 268
232 281
232 281
238 268
232 281
226 299
226 299
232 281
226 299
219 316
219 316
226 299
219 316
217 329
217 329
219 316
217 329
209 346
209 346
217 329
375 55
367 72
367 72
375 55
367 72
362 86
362 86
367 72
362 86
355 100
355 100
362 86
355 100
350 113
350 113
355 100
350 113
345 128
345 128
350 113
345 128
338 142
338 142
345 128
338 142
335 156
335 156
338 142
335 156
329 170
329 170
335 156
329 170
323 185
323 185
329 170
323 185
318 198
318 198
323 185
318 198
312 213
312 213
318 198
312 213
307 229
307 229
312 213
307 229
302 242
302 242
307 229
302 242
296 256
296 256
302 242
296 256
290 271
290 271
296 256
290 271
284 285
284 285
290 271
284 285
283 299
283 299
284 285
283 299
272 317
272 317
283 299
272 317
266 336
266 336
272 317
266 336
261 347
261 347
266 336
261 347
255 362
255 362
261 347
378 174
372 187
372 187
378 174
372 187
366 201
366 201
372 187
366 201
362 216
362 216
366 201
362 216
354 230
354 230
362 216
354 230
349 245
349 245
354 230
349 245
343 258
343 258
349 245
343 258
338 273
338 273
343 258
338 273
331 288
331 288
338 273
331 288
328 302
328 302
331 288
328 302
321 316
321 316
328 302
321 316
315 333
315 333
321 316
315 333
308 353
308 353
315 333
308 353
302 364
302 364
308 353
302 364
298 379
298 379
302 364
418 71
411 88
411 88
418 71
411 88
403 102
403 102
411 88
403 102
400 115
400 115
403 102
400 115
395 131
395 131
400 115
395 131
388 144
388 144
395 131
420 173
415 186
415 186
420 173
415 186
409 202
409 202
415 186
409 202
405 216
405 216
409 202
405 216
397 231
397 231
405 216
397 231
393 247
393 247
397 231
393 247
387 261
387 261
393 247
387 261
381 275
381 275
387 261
381 275
377 286
377 286
381 275
377 286
368 304
368 304
377 286
368 304
363 319
363 319
368 304
363 319
358 330
358 330
363 319
358 330
351 345
351 345
358 330
351 345
346 366
346 366
351 345
346 366
339 382
339 382
346 366
339 382
336 395
336 395
339 382
448 249
436 277
436 277
448 249
436 277
430 294
430 294
436 277
430 294
425 307
425 307
430 294
425 307
420 323
420 323
425 307
420 323
415 335
415 335
420 323
415 335
409 351
409 351
415 335
409 351
402 366
402 366
409 351
402 366
395 383
395 383
402 366
395 383
388 399
388 399
395 383
456 77
465 102
465 102
456 77
465 102
446 139
446 139
465 102
443 157
442 173
442 173
443 157
442 173
440 187
440 187
442 173
440 187
439 202
439 202
440 187
439 202
439 218
439 218
439 202
439 218
440 234
440 234
439 218
440 234
442 266
442 266
440 234
490 78
491 99
491 99
490 78
541 77
527 99
527 99
541 77
527 99
508 126
508 126
527 99
508 126
491 141
491 141
508 126
491 141
490 160
490 160
491 141
490 160
490 174
490 174
490 160
490 174
490 190
490 190
490 174
490 190
488 205
488 205
490 190
488 205
488 221
488 221
488 205
488 221
486 236
486 236
488 221
486 236
481 263
481 263
486 236
481 263
480 295
480 295
481 263
480 295
479 311
479 311
480 295
479 311
477 328
477 328
479 311
477 328
472 343
472 343
477 328
472 343
473 354
473 354
472 343
446 366
449 384
449 384
446 366
449 384
441 404
441 404
449 384
544 99
527 127
527 127
544 99
557 100
561 128
561 128
557 100
539 144
541 161
541 161
539 144
541 161
539 177
539 177
541 161
539 177
539 191
539 191
539 177
539 191
539 207
539 207
539 191
539 207
538 223
538 223
539 207
538 223
538 238
538 238
538 223

