80 13
25 30
73 49
500 200
350 450
300 250
17 66
33 68
52 72
86 75
37 74
27 11
73 29
18 48
65 67
10 83
62 95
74 95
89 94
08 93
23 93
40 93
21 28
69 46
15 65
60 82
404 97
214 42
263 60
307 77
354 95
398 112
506 120
524 122
209 56
258 74
303 93
392 126
428 142
433 133
445 137
472 137
490 139
540 140
203 71
252 90
298 107
345 125
387 142
442 154
490 156
539 158
410 132
198 87
247 105
294 121
340 141
418 171
441 170
486 172
538 175
537 222
487 218
438 217
401 215
366 200
322 184
276 166
232 147
181 129
539 206
488 203
441 201
409 200
371 187
328 170
283 151
237 134
187 114
539 190
489 189
441 187
415 186
398 180
376 174
334 157
289 137
243 120
193 102
